   2.2500000000000000e+00
   2.2500000000000000e+00
   2.2500000000000000e+00
   2.2500000000000000e+00
   2.2500000000000000e+00
   2.2500000000000000e+00
   2.2500000000000000e+00
   2.2500000000000000e+00
   2.2500000000000000e+00
   2.2500000000000000e+00
   2.2500000000000000e+00
   2.2500000000000000e+00
   2.2500000000000000e+00
   2.2500000000000000e+00
   2.2500000000000000e+00
   2.2500000000000000e+00
   2.2500000000000000e+00
   2.2500000000000000e+00
   2.2500000000000000e+00
   2.2500000000000000e+00
   2.2500000000000000e+00
   2.2500000000000000e+00
   2.2500000000000000e+00
   2.2500000000000000e+00
   2.2500000000000000e+00
   2.2500000000000000e+00
   2.2500000000000000e+00
   2.2500000000000000e+00
   2.2500000000000000e+00
   2.2500000000000000e+00
   2.2500000000000000e+00
   2.2500000000000000e+00
   2.2500000000000000e+00
   2.2500000000000000e+00
   2.2500000000000000e+00
   2.2500000000000000e+00
   2.2500000000000000e+00
   2.2500000000000000e+00
   2.2500000000000000e+00
   2.2500000000000000e+00
   2.2500000000000000e+00
   2.2500000000000000e+00
   2.2500000000000000e+00
   2.2500000000000000e+00
   2.2500000000000000e+00
   2.2500000000000000e+00
   2.2500000000000000e+00
   2.2500000000000000e+00
   2.2500000000000000e+00
   2.2500000000000000e+00
